 [*] Waiting for syscalls. To exit press CTRL+C
0a
00
22
61
75
73
65
61
72
63
68
22
00
10
00
22
2f
73
62
69
6e
2f
61
75
73
65
61
72
63
68
22
00
00
00
00
07
00
28
6e
75
6c
6c
29
1d
00
04
00
70
74
73
30
00
00
00
00
df
f7
5a
01
00
00
00
00
2f
dd
14
b2
d6
75
d7
41
00
00
00
00
00
00
00
00
03
00
00
00
00
00
00
00
00
00
00
00
00
00
00
00
00
00
00
00
00
00
00
00
00
00
00
00
00
00
00
00
04
00
00
00
00
00
00
00
00
00
00
00
00
00
00
00
a8
25
00
00
00
00
00
00
b3
25
00
00
00
00
00
00
e8
03
00
00
00
00
00
00
00
00
00
00
00
00
00
00
00
00
00
00
00
00
00
00
00
00
00
00
00
00
00
00
00
00
00
00
00
00
00
00
00
00
00
00
00
00
00
00
00
00
00
00
00
00
00
00
00
00
00
00
00
00
00
00
00
00
00
00
00
00
00
00
05
00
00
00
00
00
00
00
00
00
00
00
00
00
00
00
01
02
06
00
65
6e
70
30
73
33
00
02
0c
00
31
30
2e
30
2e
32
2e
31
35
2f
32
34
00
11
00
30
38
3a
30
30
3a
32
37
3a
37
37
3a
66
31
3a
35
61
00
1b
00
66
65
38
30
3a
3a
61
30
30
3a
32
37
66
66
3a
66
65
37
37
3a
66
31
35
61
2f
36
34
00
11
00
30
38
3a
30
30
3a
32
37
3a
37
37
3a
66
31
3a
35
61
00
06
00
65
6e
70
30
73
38
00
00
